0 60 200
1 180 200
2 80 180
3 140 180
4 20 160
5 100 160
6 200 160
7 140 140
8 40 120
9 100 120
10 180 100
11 60 80
12 120 80
13 180 60
14 20 40
15 100 40
16 200 40
17 20 20
18 60 20
19 160 20
20 100 180
21 120 180
22 140 200
23 160 180
24 180 180
25 200 180
26 200 200
27 180 220
28 160 220
29 140 220
30 120 220
31 100 220
32 80 220
33 60 220
34 40 220
35 20 220
36 0 200
37 0 180
38 0 160
39 0 140
40 0 120
41 0 100
42 0 80
43 0 60
44 0 40
45 0 20
46 20 0
47 40 0
48 60 0
49 80 0
50 100 0
51 120 0
52 140 0
53 160 0
54 180 0
55 200 0
56 220 20
57 220 40
58 220 60
59 220 80
60 220 100
61 220 120
62 220 140
63 220 160
64 220 180
65 220 200
66 220 220
67 180 40
68 160 60
69 140 80
70 120 100
71 100 140
72 80 160
73 60 180
74 40 200
75 20 180
76 40 160
77 60 140
78 80 120
79 100 100
80 120 120
81 140 100
82 160 80
83 180 60
84 200 80
85 200 100
86 200 120
87 200 140
88 200 180
89 180 160
90 160 160
91 140 160
92 120 160
93 100 160
94 80 140
95 60 120
96 40 100
97 20 80
98 20 60
99 20 40